^^0
1.08267
1.34131
1.024
1.01023
1.04078
1.09046
1.125
1.15439
1.15439
2
1.25
1.25
1.32912
1.13437
1.10227
1.2
1.1875
1.12939
1.52901
1.04343
1.32505
1.33333
1.29167
1.06463
1.26759
1.20833
1.33333
1.14762
1.14762
1.28159
1.32031
1.1
1.1
1.06908
1.04374
1.01993
1.25
1.27976
1.27976
1.3
1.15152
1.17045
1.04293
1.04293
1.10618
1.14762
1.14762
1
1.28571
1.28571
1.33333
1.16437
1.11665
1.33333
1.2987
1.08685
1.04518
1.54
1.125
1.125
1.0504
1.03646
1.0131
2
1.06667
1.09359
1.09359
1.08748
1.2
1.91667
1.01381
1.5
1.5
1.32407
1.16667
1.16667
1.40714
1.14998
1.14998
1.78923
1.42413
1.01516
1.01516
1
1.02083
1.02083
1.17513
1.04545
1.09259
1
1.10498
1.09717
1.28571
1.14286
1.704
1.16297
1.12688
1.0979
1.3
1.25
1.25
1.12101
1.02908
1.26389
1.26389
1.22321
1.1375
1.04309
1.08333
1.16239
1.2922
1.2922
1.5
1.29333
1.14667
1.27763
1.35417
1.12971
1.02889
1.02952
1.1209
1.1209
1.20833
1.40714
1.34909
1.0098
1.16667
1.16959
1.29891
1.46765
1.38894
1.01432
1.04976
1.33333
1.02367
1.07233
1.16437
1.17449
2
1.19107
1.44823
1.01579
1.125
1.3249
1.3249
1.16667
1.00833
1.0873
1.02342
1.40426
2.25709
1.16667
1.04638
1.2037
1.04769
1.0325
1.13657
1.03968
1.00417
1.32505
1.08333
1.19643
1.04753
1
1.09753
1
1.5
1.29545
1.3649
1.24129
1.16071
1.32407
1.05521
1.00358
1.0055
1.22917
1.35082
1.31778
1.69105
1.01012
1.0406
1.16667
1.02479
1.12608
1.03107
1.08105
1.07738
1.07738
1.25
1.05556
1.0731
1.11111
1.11111
1.16667
1.23965
1.05886
1.06667
1.05556
1.05556
1.33333
1.10156
1.11719
1.25859
1.15316
1.14167
1.14167
1.26389
1.32407
1.24306
1.24306
1.11711
1.05855
1.01884
1.03615
1.11667
1.17529
1.1375
1.05967
1.16111
1.04242
1.04242
1.44823
1.48834
1.35315
1.04559
1.01378
1.01939
1.02284
1.01667
1.03278
1.83333
1.29333
1.14667
1.33333
1.09766
1.00379
1.00379
1.07904
1.16915
1.32407
1.08459
1.08459
2
1.18535
1.18535
1.03284
1.04383
2
1.31633
1.16667
1.04194
1.12022
1.02397
1.3649
1.16071
1.11111
1.11111
1.5
1.2391
1.67619
1.10991
1.10876
1.0928
1.16667
2.45238
1.17952
1.07639
1.04042
1.04401
1.00835
1.16667
1.15152
1.18056
1.17624
1.03534
1.10078
1.26488
1.5
1.25
1.16667
1.10192
1.17529
1.11562
1.16667
1.08
1.08
1.11755
1.04407
1.02425
1.03426
1.25
1
1.01638
1.06183
1.5
1.5
1.2
1.04591
1.11747
1.33333
1.33333
1.02083
1.02083
1.07288
1.06362
1.16261
1.16261
1.13055
1.08573
1.06722
1.2
1.03517
1.03517
1.20833
1.02737
1.02737
1.02778
1.84851
1.33333
1.1147
1.02914
1.15677
1.03211
1.32939
1.33333
1.33333
1.0821
1.03405
1.2
1.2
1.03491
1.10786
1.04996
1.02652
1.02998
1.35732
1.13636
1.10823
1.09524
1.07333
1.30667
1.06157
1.06157
1.33333
1.33333
1.28571
1.14286
1.2037
1.15278
1.15278
1.5
1.33333
1.35417
1.04762
1.10082
1.0211
1.03962
1.08457
1.08457
1.16667
1.70804
1
1
1.08333
1.19974
2.70684
1.15156
2.05556
1.84851
1.02273
1.06164
1.08333
1.04298
1.2
1.23333
1.33333
1.0948
1.01087
1.2
1.2
1.01282
1.11736
1.05714
1.17024
1.58333
1
1
1.0303
1.33333
1.125
1.44217
1.18984
1.21814
1.0554
1.21576
1.0214
1.5
1.10449
1.21562
1.08223
1.02689
1.32963
1.16667
1.28869
1.0932
1.01888
1.35034
1.20513
1.15136
1.42032
1.12342
1.26126
1.70833
1.375
1.75
1.01539
1.35137
1
1
1.27778
1.03598
1.23162
1.13095
1.25499
1.5
1.5
1.01551
1.18939
1
1
1.32912
1.65
1.24306
1.24306
1.02187
1.28869
1.28571
1.28571
1.13299
1.11481
1.16667
1.02511
1.02511
1.06
1.18056
1.0682
1.02319
1.18
1.44
1.66667
1.44444
1.11111
1.12
1.12
1.03779
1.33333
1.0803
1.08333
1.23977
1.11988
1.1604
1.08056
1.40476
1.40476
1.22917
1.08353
1.34436
1.08381
1.02822
1.02532
1.05614
1.04449
1.03586
1.16667
1.07143
1.02626
1.20936
1.60438
1.2125
1.25
1.29583
1.26759
1
1.58333
2
1.1369
1.07519
1.07519
1.16667
1.27115
1.05224
1.28167
1.24306
1.05728
1.01765
1.17
1.16
1.28535
1.04237
1.16071
1.68214
1.07562
1.07562
1.08333
1.2
1.1
1.12944
1.12944
1.11111
1.31342
1.05671
1.04699
1.07917
1.09389
1.12501
1.08508
1.33333
1.12392
1.10028
1.12683
1.02779
1.22615
1.46629
1.01771
1.15132
1.33333
1.33333
1.22917
1.20833
1.13263
1.33333
1.16071
1.10093
1.5
1.23333
1.00457
1.18487
1.18487
1.17024
1.06935
1.2
1.25476
1.19762
1.17677
1.17677
2
1.04515
1.28849
1.02061
1.00284
1
1.14545
1.46641
1.32407
1.01546
1.01546
1.33333
1.142
1.26786
1.07283
1.06953
1.25
1.58333
1.05944
1.32917
1.26389
1.26389
1.18006
1.16437
1.37529
1.21111
1.5
1.5
1.30929
1.25
1.04697
1.09394
1.14762
1.14762
1.09694
1.25
1.03064
1.125
1.29365
1.03704
1.10093
1.07321
1.1209
1.1209
1.24074
1.5
1.11013
1.21082
1.12295
1.75565
1.75108
1.16667
1.10417
1.23457
1.06173
1.43295
1.33333
1
1.33333
1.33333
1.03578
2
1.26759
1.11667
1.23333
1.28095
1.28095
1.20833
1.23333
1.23333
1.10714
1.10714
1.41667
1.41667
1.0625
1.33333
1.125
1.40476
1.40476
1.11562
1.33333
1.20175
1.23977
1.11988
1.04545
1.10233
1.35227
1.01429
1.04821
1.18421
1.09559
1.05
1.29504
1.16823
1.01666
1.83333
1.03319
1.03932
1.53463
1.25
1.05167
1.10606
1.08833
1.06574
1.08333
1.08333
1.01013
1.2
1.07833
1.2
1.1
1.1
1.33333
1.74074
1.16667
1
1.20833
1.05572
1.13437
1.25
1.01818
1.10216
1.09724
1.04962
1.29333
1.14667
1.33333
1.34722
1.09028
1.02632
1.38095
1.17024
1.5
1.12302
1.24603
1.3249
1.3249
1.05103
1.05103
1.00937
2
1.25
1.16667
1.16667
1.84622
1.09375
1.35096
1.16346
1.07088
1.35655
1
1.10728
1.16324
1.16324
1.1369
1.85733
1.29293
1.15278
1.15278
1.08333
1.06345
1.02381
1.2
1.2
1.06757
1.34157
1.02079
1.47143
1.25926
1.397
1.08392
1.23333
1.23333
1.5
1.54
1.09645
1.24306
1.24306
1.18487
1.18487
1.13889
1.16667
1.10391
1.10093
1.08333
1.35417
1.5
1.08229
1.35732
1.08333
1.04167
1.14
1.25
1.04956
1.21814
1.04167
1.16033
1.31482
1.03961
1.13335
1.28571
1.28571
1.29167
1.29167
1.29644
1.04624
1.02489
1.53571
1.16667
1.06373
1.17206
1.10417
1.24306
1.33333
1.33333
1.15
1.15
1.06945
2
1.33333
1.25
1.28095
1.28095
1.25
1.11736
1.3249
1.3249
1.17677
1.17677
1.12
1.12
1.06724
1.16667
1.1209
1.1209
1.32505
1.19643
1.32407
1.00521
1.5
1.11547
1.10766
1.01667
1.14286
1.28869
1.01515
1.08094
1.125
1.07879
1.23016
1.15833
1.20844
1.6392
1.06849
1.12392
1.25
1.06373
1.16111
1.26389
1.26389
1.20061
1.14141
1.05413
1.06061
1.09559
1.08307
1.25
1.5
1.25
1.5
1.5
1.03879
1.75565
1.10605
1.00279
1.16667
1.06667
1.26667
1.12997
1.12997
1.20575
1.02381
1.02381
1.11905
1.27891
2
1.047
1.06667
1.07721
1.17796
1.18939
1.67619
1.24306
1.79167
1.10935
1.26488
1.07388
1.07388
1.05886
1.02753
1.16667
1.25
1
1.11161
1.33333
1.5
1.04873
1.25
1.25
1.25
1.4
1.1
2.56667
1.06667
1.29545
1.25
1.16667
1.16667
1
1.5
1.11667
1.23333
1.2
1.32407
1.0631
1.15147
1.15147
1.25
1.25
1.41293
1.41293
1.49786
1.25
1.33333
1.05406
1.1069
1.09266
1.19308
1.3478
1.03987
1.1429
1.02934
1.0462
1.16667
1.10188
1.10188
1.08974
1.20147
1.03333
1.02575
1.20085
1.16437
1.35238
1.03655
1.2619
1.5
1.14167
1.14167
1.14
1.28162
1.05263
1.12857
1.12857
1.15
1.15
1.16667
1.25
1.05583
1.19643
1.19643
2
1.21754
1.10417
1.04167
1.16261
1.16261
1.14583
1.06667
1.10188
1.10188
1.08778
1.16437
1.08333
1.24724
1.12939
1.08929
1.17529
1.41667
1.41667
1.1785
1.09155
1.10586
1.1
1.24074
1.32407
1.09568
1.01389
1.40476
1.40476
1.26389
1.1703
1.19444
1
1.08987
1.08987
1.43056
1.05406
1.17
1.16
1.03464
1.03595
1.03069
1.01577
1.23977
1.11988
1.125
1.5
2
1.32407
1.34286
1.10935
1.08117
1.28571
1.5
1.75565
1.5
1.0513
1.16667
1.01389
1.06176
1.18782
1.06345
1.40714
1.12568
1.12568
1.18939
1.08459
1.08459
1.70833
1.01371
1.5
1.01176
1.25503
1.01389
1.1
1.01577
1.35238
1.08333
1.08333
1.08333
1.07628
1.1131
1.53929
1.11784
1
1.55691
1.20782
1.0719
1.16667
1.25
1.30929
1.15439
1.15439
1.11999
1.2
1.2
1.33333
1.05639
1.33333
1.40714
1
1.5
1.08679
1.08679
1.07826
1.00437
1.33333
1.21814
1.04221
1.3324
1.01461
1.13528
1.19206
1.18095
1.7537
1.10123
1.11917
1.01748
1.31309
1.05822
1.00505
1.00505
1.10359
1.02702
1.11063
1.37091
1.19553
1.5
1.5
1.33755
1.13636
1.14167
1.2
1.07465
1.37533
1.03817
1.01852
1.01852
1.08388
1.19643
1.20504
1.08333
1.16667
1.16071
1.24074
1.0719
1.02634
1.02634
1.16667
1.03333
1.2
1.23681
1.09766
1.48571
1.2
Alanoly Andrews
^^0
1.08267
1.34131
1.024
1.01023
1.04078
1.09046
1.125
1.15439
1.15439
2
1.25
1.25
1.32912
1.13437
1.10227
1.2
1.1875
1.12939
1.52901
1.04343
1.32505
1.33333
1.29167
1.06463
1.26759
1.20833
1.33333
1.14762
1.14762
1.28159
1.32031
1.1
1.1
1.06908
1.04374
1.01993
1.25
1.27976
1.27976
1.3
1.15152
1.17045
1.04293
1.04293
1.10618
1.14762
1.14762
1
1.28571
1.28571
1.33333
1.16437
1.11665
1.33333
1.2987
1.08685
1.04518
1.54
1.125
1.125
1.0504
1.03646
1.0131
2
1.06667
1.09359
1.09359
1.08748
1.2
1.91667
1.01381
1.5
1.5
1.32407
1.16667
1.16667
1.40714
1.14998
1.14998
1.78923
1.42413
1.01516
1.01516
1
1.02083
1.02083
1.17513
1.04545
1.09259
1
1.10498
1.09717
1.28571
1.14286
1.704
1.16297
1.12688
1.0979
1.3
1.25
1.25
1.12101
1.02908
1.26389
1.26389
1.22321
1.1375
1.04309
1.08333
1.16239
1.2922
1.2922
1.5
1.29333
1.14667
1.27763
1.35417
1.12971
1.02889
1.02952
1.1209
1.1209
1.20833
1.40714
1.34909
1.0098
1.16667
1.16959
1.29891
1.46765
1.38894
1.01432
1.04976
1.33333
1.02367
1.07233
1.16437
1.17449
2
1.19107
1.44823
1.01579
1.125
1.3249
1.3249
1.16667
1.00833
1.0873
1.02342
1.40426
2.25709
1.16667
1.04638
1.2037
1.04769
1.0325
1.13657
1.03968
1.00417
1.32505
1.08333
1.19643
1.04753
1
1.09753
1
1.5
1.29545
1.3649
1.24129
1.16071
1.32407
1.05521
1.00358
1.0055
1.22917
1.35082
1.31778
1.69105
1.01012
1.0406
1.16667
1.02479
1.12608
1.03107
1.08105
1.07738
1.07738
1.25
1.05556
1.0731
1.11111
1.11111
1.16667
1.23965
1.05886
1.06667
1.05556
1.05556
1.33333
1.10156
1.11719
1.25859
1.15316
1.14167
1.14167
1.26389
1.32407
1.24306
1.24306
1.11711
1.05855
1.01884
1.03615
1.11667
1.17529
1.1375
1.05967
1.16111
1.04242
1.04242
1.44823
1.48834
1.35315
1.04559
1.01378
1.01939
1.02284
1.01667
1.03278
1.83333
1.29333
1.14667
1.33333
1.09766
1.00379
1.00379
1.07904
1.16915
1.32407
1.08459
1.08459
2
1.18535
1.18535
1.03284
1.04383
2
1.31633
1.16667
1.04194
1.12022
1.02397
1.3649
1.16071
1.11111
1.11111
1.5
1.2391
1.67619
1.10991
1.10876
1.0928
1.16667
2.45238
1.17952
1.07639
1.04042
1.04401
1.00835
1.16667
1.15152
1.18056
1.17624
1.03534
1.10078
1.26488
1.5
1.25
1.16667
1.10192
1.17529
1.11562
1.16667
1.08
1.08
1.11755
1.04407
1.02425
1.03426
1.25
1
1.01638
1.06183
1.5
1.5
1.2
1.04591
1.11747
1.33333
1.33333
1.02083
1.02083
1.07288
1.06362
1.16261
1.16261
1.13055
1.08573
1.06722
1.2
1.03517
1.03517
1.20833
1.02737
1.02737
1.02778
1.84851
1.33333
1.1147
1.02914
1.15677
1.03211
1.32939
1.33333
1.33333
1.0821
1.03405
1.2
1.2
1.03491
1.10786
1.04996
1.02652
1.02998
1.35732
1.13636
1.10823
1.09524
1.07333
1.30667
1.06157
1.06157
1.33333
1.33333
1.28571
1.14286
1.2037
1.15278
1.15278
1.5
1.33333
1.35417
1.04762
1.10082
1.0211
1.03962
1.08457
1.08457
1.16667
1.70804
1
1
1.08333
1.19974
2.70684
1.15156
2.05556
1.84851
1.02273
1.06164
1.08333
1.04298
1.2
1.23333
1.33333
1.0948
1.01087
1.2
1.2
1.01282
1.11736
1.05714
1.17024
1.58333
1
1
1.0303
1.33333
1.125
1.44217
1.18984
1.21814
1.0554
1.21576
1.0214
1.5
1.10449
1.21562
1.08223
1.02689
1.32963
1.16667
1.28869
1.0932
1.01888
1.35034
1.20513
1.15136
1.42032
1.12342
1.26126
1.70833
1.375
1.75
1.01539
1.35137
1
1
1.27778
1.03598
1.23162
1.13095
1.25499
1.5
1.5
1.01551
1.18939
1
1
1.32912
1.65
1.24306
1.24306
1.02187
1.28869
1.28571
1.28571
1.13299
1.11481
1.16667
1.02511
1.02511
1.06
1.18056
1.0682
1.02319
1.18
1.44
1.66667
1.44444
1.11111
1.12
1.12
1.03779
1.33333
1.0803
1.08333
1.23977
1.11988
1.1604
1.08056
1.40476
1.40476
1.22917
1.08353
1.34436
1.08381
1.02822
1.02532
1.05614
1.04449
1.03586
1.16667
1.07143
1.02626
1.20936
1.60438
1.2125
1.25
1.29583
1.26759
1
1.58333
2
1.1369
1.07519
1.07519
1.16667
1.27115
1.05224
1.28167
1.24306
1.05728
1.01765
1.17
1.16
1.28535
1.04237
1.16071
1.68214
1.07562
1.07562
1.08333
1.2
1.1
1.12944
1.12944
1.11111
1.31342
1.05671
1.04699
1.07917
1.09389
1.12501
1.08508
1.33333
1.12392
1.10028
1.12683
1.02779
1.22615
1.46629
1.01771
1.15132
1.33333
1.33333
1.22917
1.20833
1.13263
1.33333
1.16071
1.10093
1.5
1.23333
1.00457
1.18487
1.18487
1.17024
1.06935
1.2
1.25476
1.19762
1.17677
1.17677
2
1.04515
1.28849
1.02061
1.00284
1
1.14545
1.46641
1.32407
1.01546
1.01546
1.33333
1.142
1.26786
1.07283
1.06953
1.25
1.58333
1.05944
1.32917
1.26389
1.26389
1.18006
1.16437
1.37529
1.21111
1.5
1.5
1.30929
1.25
1.04697
1.09394
1.14762
1.14762
1.09694
1.25
1.03064
1.125
1.29365
1.03704
1.10093
1.07321
1.1209
1.1209
1.24074
1.5
1.11013
1.21082
1.12295
1.75565
1.75108
1.16667
1.10417
1.23457
1.06173
1.43295
1.33333
1
1.33333
1.33333
1.03578
2
1.26759
1.11667
1.23333
1.28095
1.28095
1.20833
1.23333
1.23333
1.10714
1.10714
1.41667
1.41667
1.0625
1.33333
1.125
1.40476
1.40476
1.11562
1.33333
1.20175
1.23977
1.11988
1.04545
1.10233
1.35227
1.01429
1.04821
1.18421
1.09559
1.05
1.29504
1.16823
1.01666
1.83333
1.03319
1.03932
1.53463
1.25
1.05167
1.10606
1.08833
1.06574
1.08333
1.08333
1.01013
1.2
1.07833
1.2
1.1
1.1
1.33333
1.74074
1.16667
1
1.20833
1.05572
1.13437
1.25
1.01818
1.10216
1.09724
1.04962
1.29333
1.14667
1.33333
1.34722
1.09028
1.02632
1.38095
1.17024
1.5
1.12302
1.24603
1.3249
1.3249
1.05103
1.05103
1.00937
2
1.25
1.16667
1.16667
1.84622
1.09375
1.35096
1.16346
1.07088
1.35655
1
1.10728
1.16324
1.16324
1.1369
1.85733
1.29293
1.15278
1.15278
1.08333
1.06345
1.02381
1.2
1.2
1.06757
1.34157
1.02079
1.47143
1.25926
1.397
1.08392
1.23333
1.23333
1.5
1.54
1.09645
1.24306
1.24306
1.18487
1.18487
1.13889
1.16667
1.10391
1.10093
1.08333
1.35417
1.5
1.08229
1.35732
1.08333
1.04167
1.14
1.25
1.04956
1.21814
1.04167
1.16033
1.31482
1.03961
1.13335
1.28571
1.28571
1.29167
1.29167
1.29644
1.04624
1.02489
1.53571
1.16667
1.06373
1.17206
1.10417
1.24306
1.33333
1.33333
1.15
1.15
1.06945
2
1.33333
1.25
1.28095
1.28095
1.25
1.11736
1.3249
1.3249
1.17677
1.17677
1.12
1.12
1.06724
1.16667
1.1209
1.1209
1.32505
1.19643
1.32407
1.00521
1.5
1.11547
1.10766
1.01667
1.14286
1.28869
1.01515
1.08094
1.125
1.07879
1.23016
1.15833
1.20844
1.6392
1.06849
1.12392
1.25
1.06373
1.16111
1.26389
1.26389
1.20061
1.14141
1.05413
1.06061
1.09559
1.08307
1.25
1.5
1.25
1.5
1.5
1.03879
1.75565
1.10605
1.00279
1.16667
1.06667
1.26667
1.12997
1.12997
1.20575
1.02381
1.02381
1.11905
1.27891
2
1.047
1.06667
1.07721
1.17796
1.18939
1.67619
1.24306
1.79167
1.10935
1.26488
1.07388
1.07388
1.05886
1.02753
1.16667
1.25
1
1.11161
1.33333
1.5
1.04873
1.25
1.25
1.25
1.4
1.1
2.56667
1.06667
1.29545
1.25
1.16667
1.16667
1
1.5
1.11667
1.23333
1.2
1.32407
1.0631
1.15147
1.15147
1.25
1.25
1.41293
1.41293
1.49786
1.25
1.33333
1.05406
1.1069
1.09266
1.19308
1.3478
1.03987
1.1429
1.02934
1.0462
1.16667
1.10188
1.10188
1.08974
1.20147
1.03333
1.02575
1.20085
1.16437
1.35238
1.03655
1.2619
1.5
1.14167
1.14167
1.14
1.28162
1.05263
1.12857
1.12857
1.15
1.15
1.16667
1.25
1.05583
1.19643
1.19643
2
1.21754
1.10417
1.04167
1.16261
1.16261
1.14583
1.06667
1.10188
1.10188
1.08778
1.16437
1.08333
1.24724
1.12939
1.08929
1.17529
1.41667
1.41667
1.1785
1.09155
1.10586
1.1
1.24074
1.32407
1.09568
1.01389
1.40476
1.40476
1.26389
1.1703
1.19444
1
1.08987
1.08987
1.43056
1.05406
1.17
1.16
1.03464
1.03595
1.03069
1.01577
1.23977
1.11988
1.125
1.5
2
1.32407
1.34286
1.10935
1.08117
1.28571
1.5
1.75565
1.5
1.0513
1.16667
1.01389
1.06176
1.18782
1.06345
1.40714
1.12568
1.12568
1.18939
1.08459
1.08459
1.70833
1.01371
1.5
1.01176
1.25503
1.01389
1.1
1.01577
1.35238
1.08333
1.08333
1.08333
1.07628
1.1131
1.53929
1.11784
1
1.55691
1.20782
1.0719
1.16667
1.25
1.30929
1.15439
1.15439
1.11999
1.2
1.2
1.33333
1.05639
1.33333
1.40714
1
1.5
1.08679
1.08679
1.07826
1.00437
1.33333
1.21814
1.04221
1.3324
1.01461
1.13528
1.19206
1.18095
1.7537
1.10123
1.11917
1.01748
1.31309
1.05822
1.00505
1.00505
1.10359
1.02702
1.11063
1.37091
1.19553
1.5
1.5
1.33755
1.13636
1.14167
1.2
1.07465
1.37533
1.03817
1.01852
1.01852
1.08388
1.19643
1.20504
1.08333
1.16667
1.16071
1.24074
1.0719
1.02634
1.02634
1.16667
1.03333
1.2
1.23681
1.09766
1.48571
1.2
Alex Aiken
^^0
1.08267
1.34131
1.024
1.01023
1.04078
1.09046
1.125
1.15439
1.15439
2
1.25
1.25
1.32912
1.13437
1.10227
1.2
1.1875
1.12939
1.52901
1.04343
1.32505
1.33333
1.29167
1.06463
1.26759
1.20833
1.33333
1.14762
1.14762
1.28159
1.32031
1.1
1.1
1.06908
1.04374
1.01993
1.25
1.27976
1.27976
1.3
1.15152
1.17045
1.04293
1.04293
1.10618
1.14762
1.14762
1
1.28571
1.28571
1.33333
1.16437
1.11665
1.33333
1.2987
1.08685
1.04518
1.54
1.125
1.125
1.0504
1.03646
1.0131
2
1.06667
1.09359
1.09359
1.08748
1.2
1.91667
1.01381
1.5
1.5
1.32407
1.16667
1.16667
1.40714
1.14998
1.14998
1.78923
1.42413
1.01516
1.01516
1
1.02083
1.02083
1.17513
1.04545
1.09259
1
1.10498
1.09717
1.28571
1.14286
1.704
1.16297
1.12688
1.0979
1.3
1.25
1.25
1.12101
1.02908
1.26389
1.26389
1.22321
1.1375
1.04309
1.08333
1.16239
1.2922
1.2922
1.5
1.29333
1.14667
1.27763
1.35417
1.12971
1.02889
1.02952
1.1209
1.1209
1.20833
1.40714
1.34909
1.0098
1.16667
1.16959
1.29891
1.46765
1.38894
1.01432
1.04976
1.33333
1.02367
1.07233
1.16437
1.17449
2
1.19107
1.44823
1.01579
1.125
1.3249
1.3249
1.16667
1.00833
1.0873
1.02342
1.40426
2.25709
1.16667
1.04638
1.2037
1.04769
1.0325
1.13657
1.03968
1.00417
1.32505
1.08333
1.19643
1.04753
1
1.09753
1
1.5
1.29545
1.3649
1.24129
1.16071
1.32407
1.05521
1.00358
1.0055
1.22917
1.35082
1.31778
1.69105
1.01012
1.0406
1.16667
1.02479
1.12608
1.03107
1.08105
1.07738
1.07738
1.25
1.05556
1.0731
1.11111
1.11111
1.16667
1.23965
1.05886
1.06667
1.05556
1.05556
1.33333
1.10156
1.11719
1.25859
1.15316
1.14167
1.14167
1.26389
1.32407
1.24306
1.24306
1.11711
1.05855
1.01884
1.03615
1.11667
1.17529
1.1375
1.05967
1.16111
1.04242
1.04242
1.44823
1.48834
1.35315
1.04559
1.01378
1.01939
1.02284
1.01667
1.03278
1.83333
1.29333
1.14667
1.33333
1.09766
1.00379
1.00379
1.07904
1.16915
1.32407
1.08459
1.08459
2
1.18535
1.18535
1.03284
1.04383
2
1.31633
1.16667
1.04194
1.12022
1.02397
1.3649
1.16071
1.11111
1.11111
1.5
1.2391
1.67619
1.10991
1.10876
1.0928
1.16667
2.45238
1.17952
1.07639
1.04042
1.04401
1.00835
1.16667
1.15152
1.18056
1.17624
1.03534
1.10078
1.26488
1.5
1.25
1.16667
1.10192
1.17529
1.11562
1.16667
1.08
1.08
1.11755
1.04407
1.02425
1.03426
1.25
1
1.01638
1.06183
1.5
1.5
1.2
1.04591
1.11747
1.33333
1.33333
1.02083
1.02083
1.07288
1.06362
1.16261
1.16261
1.13055
1.08573
1.06722
1.2
1.03517
1.03517
1.20833
1.02737
1.02737
1.02778
1.84851
1.33333
1.1147
1.02914
1.15677
1.03211
1.32939
1.33333
1.33333
1.0821
1.03405
1.2
1.2
1.03491
1.10786
1.04996
1.02652
1.02998
1.35732
1.13636
1.10823
1.09524
1.07333
1.30667
1.06157
1.06157
1.33333
1.33333
1.28571
1.14286
1.2037
1.15278
1.15278
1.5
1.33333
1.35417
1.04762
1.10082
1.0211
1.03962
1.08457
1.08457
1.16667
1.70804
1
1
1.08333
1.19974
2.70684
1.15156
2.05556
1.84851
1.02273
1.06164
1.08333
1.04298
1.2
1.23333
1.33333
1.0948
1.01087
1.2
1.2
1.01282
1.11736
1.05714
1.17024
1.58333
1
1
1.0303
1.33333
1.125
1.44217
1.18984
1.21814
1.0554
1.21576
1.0214
1.5
1.10449
1.21562
1.08223
1.02689
1.32963
1.16667
1.28869
1.0932
1.01888
1.35034
1.20513
1.15136
1.42032
1.12342
1.26126
1.70833
1.375
1.75
1.01539
1.35137
1
1
1.27778
1.03598
1.23162
1.13095
1.25499
1.5
1.5
1.01551
1.18939
1
1
1.32912
1.65
1.24306
1.24306
1.02187
1.28869
1.28571
1.28571
1.13299
1.11481
1.16667
1.02511
1.02511
1.06
1.18056
1.0682
1.02319
1.18
1.44
1.66667
1.44444
1.11111
1.12
1.12
1.03779
1.33333
1.0803
1.08333
1.23977
1.11988
1.1604
1.08056
1.40476
1.40476
1.22917
1.08353
1.34436
1.08381
1.02822
1.02532
1.05614
1.04449
1.03586
1.16667
1.07143
1.02626
1.20936
1.60438
1.2125
1.25
1.29583
1.26759
1
1.58333
2
1.1369
1.07519
1.07519
1.16667
1.27115
1.05224
1.28167
1.24306
1.05728
1.01765
1.17
1.16
1.28535
1.04237
1.16071
1.68214
1.07562
1.07562
1.08333
1.2
1.1
1.12944
1.12944
1.11111
1.31342
1.05671
1.04699
1.07917
1.09389
1.12501
1.08508
1.33333
1.12392
1.10028
1.12683
1.02779
1.22615
1.46629
1.01771
1.15132
1.33333
1.33333
1.22917
1.20833
1.13263
1.33333
1.16071
1.10093
1.5
1.23333
1.00457
1.18487
1.18487
1.17024
1.06935
1.2
1.25476
1.19762
1.17677
1.17677
2
1.04515
1.28849
1.02061
1.00284
1
1.14545
1.46641
1.32407
1.01546
1.01546
1.33333
1.142
1.26786
1.07283
1.06953
1.25
1.58333
1.05944
1.32917
1.26389
1.26389
1.18006
1.16437
1.37529
1.21111
1.5
1.5
1.30929
1.25
1.04697
1.09394
1.14762
1.14762
1.09694
1.25
1.03064
1.125
1.29365
1.03704
1.10093
1.07321
1.1209
1.1209
1.24074
1.5
1.11013
1.21082
1.12295
1.75565
1.75108
1.16667
1.10417
1.23457
1.06173
1.43295
1.33333
1
1.33333
1.33333
1.03578
2
1.26759
1.11667
1.23333
1.28095
1.28095
1.20833
1.23333
1.23333
1.10714
1.10714
1.41667
1.41667
1.0625
1.33333
1.125
1.40476
1.40476
1.11562
1.33333
1.20175
1.23977
1.11988
1.04545
1.10233
1.35227
1.01429
1.04821
1.18421
1.09559
1.05
1.29504
1.16823
1.01666
1.83333
1.03319
1.03932
1.53463
1.25
1.05167
1.10606
1.08833
1.06574
1.08333
1.08333
1.01013
1.2
1.07833
1.2
1.1
1.1
1.33333
1.74074
1.16667
1
1.20833
1.05572
1.13437
1.25
1.01818
1.10216
1.09724
1.04962
1.29333
1.14667
1.33333
1.34722
1.09028
1.02632
1.38095
1.17024
1.5
1.12302
1.24603
1.3249
1.3249
1.05103
1.05103
1.00937
2
1.25
1.16667
1.16667
1.84622
1.09375
1.35096
1.16346
1.07088
1.35655
1
1.10728
1.16324
1.16324
1.1369
1.85733
1.29293
1.15278
1.15278
1.08333
1.06345
1.02381
1.2
1.2
1.06757
1.34157
1.02079
1.47143
1.25926
1.397
1.08392
1.23333
1.23333
1.5
1.54
1.09645
1.24306
1.24306
1.18487
1.18487
1.13889
1.16667
1.10391
1.10093
1.08333
1.35417
1.5
1.08229
1.35732
1.08333
1.04167
1.14
1.25
1.04956
1.21814
1.04167
1.16033
1.31482
1.03961
1.13335
1.28571
1.28571
1.29167
1.29167
1.29644
1.04624
1.02489
1.53571
1.16667
1.06373
1.17206
1.10417
1.24306
1.33333
1.33333
1.15
1.15
1.06945
2
1.33333
1.25
1.28095
1.28095
1.25
1.11736
1.3249
1.3249
1.17677
1.17677
1.12
1.12
1.06724
1.16667
1.1209
1.1209
1.32505
1.19643
1.32407
1.00521
1.5
1.11547
1.10766
1.01667
1.14286
1.28869
1.01515
1.08094
1.125
1.07879
1.23016
1.15833
1.20844
1.6392
1.06849
1.12392
1.25
1.06373
1.16111
1.26389
1.26389
1.20061
1.14141
1.05413
1.06061
1.09559
1.08307
1.25
1.5
1.25
1.5
1.5
1.03879
1.75565
1.10605
1.00279
1.16667
1.06667
1.26667
1.12997
1.12997
1.20575
1.02381
1.02381
1.11905
1.27891
2
1.047
1.06667
1.07721
1.17796
1.18939
1.67619
1.24306
1.79167
1.10935
1.26488
1.07388
1.07388
1.05886
1.02753
1.16667
1.25
1
1.11161
1.33333
1.5
1.04873
1.25
1.25
1.25
1.4
1.1
2.56667
1.06667
1.29545
1.25
1.16667
1.16667
1
1.5
1.11667
1.23333
1.2
1.32407
1.0631
1.15147
1.15147
1.25
1.25
1.41293
1.41293
1.49786
1.25
1.33333
1.05406
1.1069
1.09266
1.19308
1.3478
1.03987
1.1429
1.02934
1.0462
1.16667
1.10188
1.10188
1.08974
1.20147
1.03333
1.02575
1.20085
1.16437
1.35238
1.03655
1.2619
1.5
1.14167
1.14167
1.14
1.28162
1.05263
1.12857
1.12857
1.15
1.15
1.16667
1.25
1.05583
1.19643
1.19643
2
1.21754
1.10417
1.04167
1.16261
1.16261
1.14583
1.06667
1.10188
1.10188
1.08778
1.16437
1.08333
1.24724
1.12939
1.08929
1.17529
1.41667
1.41667
1.1785
1.09155
1.10586
1.1
1.24074
1.32407
1.09568
1.01389
1.40476
1.40476
1.26389
1.1703
1.19444
1
1.08987
1.08987
1.43056
1.05406
1.17
1.16
1.03464
1.03595
1.03069
1.01577
1.23977
1.11988
1.125
1.5
2
1.32407
1.34286
1.10935
1.08117
1.28571
1.5
1.75565
1.5
1.0513
1.16667
1.01389
1.06176
1.18782
1.06345
1.40714
1.12568
1.12568
1.18939
1.08459
1.08459
1.70833
1.01371
1.5
1.01176
1.25503
1.01389
1.1
1.01577
1.35238
1.08333
1.08333
1.08333
1.07628
1.1131
1.53929
1.11784
1
1.55691
1.20782
1.0719
1.16667
1.25
1.30929
1.15439
1.15439
1.11999
1.2
1.2
1.33333
1.05639
1.33333
1.40714
1
1.5
1.08679
1.08679
1.07826
1.00437
1.33333
1.21814
1.04221
1.3324
1.01461
1.13528
1.19206
1.18095
1.7537
1.10123
1.11917
1.01748
1.31309
1.05822
1.00505
1.00505
1.10359
1.02702
1.11063
1.37091
1.19553
1.5
1.5
1.33755
1.13636
1.14167
1.2
1.07465
1.37533
1.03817
1.01852
1.01852
1.08388
1.19643
1.20504
1.08333
1.16667
1.16071
1.24074
1.0719
1.02634
1.02634
1.16667
1.03333
1.2
1.23681
1.09766
1.48571
1.2
Roberto Amato
^^0
1.08267
1.34131
1.024
1.01023
1.04078
1.09046
1.125
1.15439
1.15439
2
1.25
1.25
1.32912
1.13437
1.10227
1.2
1.1875
1.12939
1.52901
1.04343
1.32505
1.33333
1.29167
1.06463
1.26759
1.20833
1.33333
1.14762
1.14762
1.28159
1.32031
1.1
1.1
1.06908
1.04374
1.01993
1.25
1.27976
1.27976
1.3
1.15152
1.17045
1.04293
1.04293
1.10618
1.14762
1.14762
1
1.28571
1.28571
1.33333
1.16437
1.11665
1.33333
1.2987
1.08685
1.04518
1.54
1.125
1.125
1.0504
1.03646
1.0131
2
1.06667
1.09359
1.09359
1.08748
1.2
1.91667
1.01381
1.5
1.5
1.32407
1.16667
1.16667
1.40714
1.14998
1.14998
1.78923
1.42413
1.01516
1.01516
1
1.02083
1.02083
1.17513
1.04545
1.09259
1
1.10498
1.09717
1.28571
1.14286
1.704
1.16297
1.12688
1.0979
1.3
1.25
1.25
1.12101
1.02908
1.26389
1.26389
1.22321
1.1375
1.04309
1.08333
1.16239
1.2922
1.2922
1.5
1.29333
1.14667
1.27763
1.35417
1.12971
1.02889
1.02952
1.1209
1.1209
1.20833
1.40714
1.34909
1.0098
1.16667
1.16959
1.29891
1.46765
1.38894
1.01432
1.04976
1.33333
1.02367
1.07233
1.16437
1.17449
2
1.19107
1.44823
1.01579
1.125
1.3249
1.3249
1.16667
1.00833
1.0873
1.02342
1.40426
2.25709
1.16667
1.04638
1.2037
1.04769
1.0325
1.13657
1.03968
1.00417
1.32505
1.08333
1.19643
1.04753
1
1.09753
1
1.5
1.29545
1.3649
1.24129
1.16071
1.32407
1.05521
1.00358
1.0055
1.22917
1.35082
1.31778
1.69105
1.01012
1.0406
1.16667
1.02479
1.12608
1.03107
1.08105
1.07738
1.07738
1.25
1.05556
1.0731
1.11111
1.11111
1.16667
1.23965
1.05886
1.06667
1.05556
1.05556
1.33333
1.10156
1.11719
1.25859
1.15316
1.14167
1.14167
1.26389
1.32407
1.24306
1.24306
1.11711
1.05855
1.01884
1.03615
1.11667
1.17529
1.1375
1.05967
1.16111
1.04242
1.04242
1.44823
1.48834
1.35315
1.04559
1.01378
1.01939
1.02284
1.01667
1.03278
1.83333
1.29333
1.14667
1.33333
1.09766
1.00379
1.00379
1.07904
1.16915
1.32407
1.08459
1.08459
2
1.18535
1.18535
1.03284
1.04383
2
1.31633
1.16667
1.04194
1.12022
1.02397
1.3649
1.16071
1.11111
1.11111
1.5
1.2391
1.67619
1.10991
1.10876
1.0928
1.16667
2.45238
1.17952
1.07639
1.04042
1.04401
1.00835
1.16667
1.15152
1.18056
1.17624
1.03534
1.10078
1.26488
1.5
1.25
1.16667
1.10192
1.17529
1.11562
1.16667
1.08
1.08
1.11755
1.04407
1.02425
1.03426
1.25
1
1.01638
1.06183
1.5
1.5
1.2
1.04591
1.11747
1.33333
1.33333
1.02083
1.02083
1.07288
1.06362
1.16261
1.16261
1.13055
1.08573
1.06722
1.2
1.03517
1.03517
1.20833
1.02737
1.02737
1.02778
1.84851
1.33333
1.1147
1.02914
1.15677
1.03211
1.32939
1.33333
1.33333
1.0821
1.03405
1.2
1.2
1.03491
1.10786
1.04996
1.02652
1.02998
1.35732
1.13636
1.10823
1.09524
1.07333
1.30667
1.06157
1.06157
1.33333
1.33333
1.28571
1.14286
1.2037
1.15278
1.15278
1.5
1.33333
1.35417
1.04762
1.10082
1.0211
1.03962
1.08457
1.08457
1.16667
1.70804
1
1
1.08333
1.19974
2.70684
1.15156
2.05556
1.84851
1.02273
1.06164
1.08333
1.04298
1.2
1.23333
1.33333
1.0948
1.01087
1.2
1.2
1.01282
1.11736
1.05714
1.17024
1.58333
1
1
1.0303
1.33333
1.125
1.44217
1.18984
1.21814
1.0554
1.21576
1.0214
1.5
1.10449
1.21562
1.08223
1.02689
1.32963
1.16667
1.28869
1.0932
1.01888
1.35034
1.20513
1.15136
1.42032
1.12342
1.26126
1.70833
1.375
1.75
1.01539
1.35137
1
1
1.27778
1.03598
1.23162
1.13095
1.25499
1.5
1.5
1.01551
1.18939
1
1
1.32912
1.65
1.24306
1.24306
1.02187
1.28869
1.28571
1.28571
1.13299
1.11481
1.16667
1.02511
1.02511
1.06
1.18056
1.0682
1.02319
1.18
1.44
1.66667
1.44444
1.11111
1.12
1.12
1.03779
1.33333
1.0803
1.08333
1.23977
1.11988
1.1604
1.08056
1.40476
1.40476
1.22917
1.08353
1.34436
1.08381
1.02822
1.02532
1.05614
1.04449
1.03586
1.16667
1.07143
1.02626
1.20936
1.60438
1.2125
1.25
1.29583
1.26759
1
1.58333
2
1.1369
1.07519
1.07519
1.16667
1.27115
1.05224
1.28167
1.24306
1.05728
1.01765
1.17
1.16
1.28535
1.04237
1.16071
1.68214
1.07562
1.07562
1.08333
1.2
1.1
1.12944
1.12944
1.11111
1.31342
1.05671
1.04699
1.07917
1.09389
1.12501
1.08508
1.33333
1.12392
1.10028
1.12683
1.02779
1.22615
1.46629
1.01771
1.15132
1.33333
1.33333
1.22917
1.20833
1.13263
1.33333
1.16071
1.10093
1.5
1.23333
1.00457
1.18487
1.18487
1.17024
1.06935
1.2
1.25476
1.19762
1.17677
1.17677
2
1.04515
1.28849
1.02061
1.00284
1
1.14545
1.46641
1.32407
1.01546
1.01546
1.33333
1.142
1.26786
1.07283
1.06953
1.25
1.58333
1.05944
1.32917
1.26389
1.26389
1.18006
1.16437
1.37529
1.21111
1.5
1.5
1.30929
1.25
1.04697
1.09394
1.14762
1.14762
1.09694
1.25
1.03064
1.125
1.29365
1.03704
1.10093
1.07321
1.1209
1.1209
1.24074
1.5
1.11013
1.21082
1.12295
1.75565
1.75108
1.16667
1.10417
1.23457
1.06173
1.43295
1.33333
1
1.33333
1.33333
1.03578
2
1.26759
1.11667
1.23333
1.28095
1.28095
1.20833
1.23333
1.23333
1.10714
1.10714
1.41667
1.41667
1.0625
1.33333
1.125
1.40476
1.40476
1.11562
1.33333
1.20175
1.23977
1.11988
1.04545
1.10233
1.35227
1.01429
1.04821
1.18421
1.09559
1.05
1.29504
1.16823
1.01666
1.83333
1.03319
1.03932
1.53463
1.25
1.05167
1.10606
1.08833
1.06574
1.08333
1.08333
1.01013
1.2
1.07833
1.2
1.1
1.1
1.33333
1.74074
1.16667
1
1.20833
1.05572
1.13437
1.25
1.01818
1.10216
1.09724
1.04962
1.29333
1.14667
1.33333
1.34722
1.09028
1.02632
1.38095
1.17024
1.5
1.12302
1.24603
1.3249
1.3249
1.05103
1.05103
1.00937
2
1.25
1.16667
1.16667
1.84622
1.09375
1.35096
1.16346
1.07088
1.35655
1
1.10728
1.16324
1.16324
1.1369
1.85733
1.29293
1.15278
1.15278
1.08333
1.06345
1.02381
1.2
1.2
1.06757
1.34157
1.02079
1.47143
1.25926
1.397
1.08392
1.23333
1.23333
1.5
1.54
1.09645
1.24306
1.24306
1.18487
1.18487
1.13889
1.16667
1.10391
1.10093
1.08333
1.35417
1.5
1.08229
1.35732
1.08333
1.04167
1.14
1.25
1.04956
1.21814
1.04167
1.16033
1.31482
1.03961
1.13335
1.28571
1.28571
1.29167
1.29167
1.29644
1.04624
1.02489
1.53571
1.16667
1.06373
1.17206
1.10417
1.24306
1.33333
1.33333
1.15
1.15
1.06945
2
1.33333
1.25
1.28095
1.28095
1.25
1.11736
1.3249
1.3249
1.17677
1.17677
1.12
1.12
1.06724
1.16667
1.1209
1.1209
1.32505
1.19643
1.32407
1.00521
1.5
1.11547
1.10766
1.01667
1.14286
1.28869
1.01515
1.08094
1.125
1.07879
1.23016
1.15833
1.20844
1.6392
1.06849
1.12392
1.25
1.06373
1.16111
1.26389
1.26389
1.20061
1.14141
1.05413
1.06061
1.09559
1.08307
1.25
1.5
1.25
1.5
1.5
1.03879
1.75565
1.10605
1.00279
1.16667
1.06667
1.26667
1.12997
1.12997
1.20575
1.02381
1.02381
1.11905
1.27891
2
1.047
1.06667
1.07721
1.17796
1.18939
1.67619
1.24306
1.79167
1.10935
1.26488
1.07388
1.07388
1.05886
1.02753
1.16667
1.25
1
1.11161
1.33333
1.5
1.04873
1.25
1.25
1.25
1.4
1.1
2.56667
1.06667
1.29545
1.25
1.16667
1.16667
1
1.5
1.11667
1.23333
1.2
1.32407
1.0631
1.15147
1.15147
1.25
1.25
1.41293
1.41293
1.49786
1.25
1.33333
1.05406
1.1069
1.09266
1.19308
1.3478
1.03987
1.1429
1.02934
1.0462
1.16667
1.10188
1.10188
1.08974
1.20147
1.03333
1.02575
1.20085
1.16437
1.35238
1.03655
1.2619
1.5
1.14167
1.14167
1.14
1.28162
1.05263
1.12857
1.12857
1.15
1.15
1.16667
1.25
1.05583
1.19643
1.19643
2
1.21754
1.10417
1.04167
1.16261
1.16261
1.14583
1.06667
1.10188
1.10188
1.08778
1.16437
1.08333
1.24724
1.12939
1.08929
1.17529
1.41667
1.41667
1.1785
1.09155
1.10586
1.1
1.24074
1.32407
1.09568
1.01389
1.40476
1.40476
1.26389
1.1703
1.19444
1
1.08987
1.08987
1.43056
1.05406
1.17
1.16
1.03464
1.03595
1.03069
1.01577
1.23977
1.11988
1.125
1.5
2
1.32407
1.34286
1.10935
1.08117
1.28571
1.5
1.75565
1.5
1.0513
1.16667
1.01389
1.06176
1.18782
1.06345
1.40714
1.12568
1.12568
1.18939
1.08459
1.08459
1.70833
1.01371
1.5
1.01176
1.25503
1.01389
1.1
1.01577
1.35238
1.08333
1.08333
1.08333
1.07628
1.1131
1.53929
1.11784
1
1.55691
1.20782
1.0719
1.16667
1.25
1.30929
1.15439
1.15439
1.11999
1.2
1.2
1.33333
1.05639
1.33333
1.40714
1
1.5
1.08679
1.08679
1.07826
1.00437
1.33333
1.21814
1.04221
1.3324
1.01461
1.13528
1.19206
1.18095
1.7537
1.10123
1.11917
1.01748
1.31309
1.05822
1.00505
1.00505
1.10359
1.02702
1.11063
1.37091
1.19553
1.5
1.5
1.33755
1.13636
1.14167
1.2
1.07465
1.37533
1.03817
1.01852
1.01852
1.08388
1.19643
1.20504
1.08333
1.16667
1.16071
1.24074
1.0719
1.02634
1.02634
1.16667
1.03333
1.2
1.23681
1.09766
1.48571
1.2
Philip L. Tilker
^^0
Edleno Silva de Moura
^^0
Luca Grieco
^^0
Henning Rode
^^0
Atsushi Fujii
^^0
Eduardo R. Hruschka
^^0
Giles Hooker
^^0
Ashraf A. Kassim
^^0
Mete Celik
^^0
Harry Zhang
^^0
Erick Cantu-Paz
^^0
Markus M. Breunig
^^0
Alexander Tuzhilin
^^0
Chun-Nan Hsu
^^0
Eva Tardos
^^0
Won-Gyu Lee
^^0
Dmitri Roussinov
^^0
Lara Aires
^^0
Bing Lv
^^0
Paul E. Stolorz
^^0
Olga Vorobieva
^^0
Nan Cao
^^0
Vishwa Vinay
^^0
Munindar P. Singh
^^0
Dakshi Agrawal
^^0
Helen Pinto
^^0
William Peter
^^0
June-Suh Cho
^^0
Dennis Shasha
^^0
Wagner Meira Jr
^^0
Claus Weihs
^^0
Ryszard S. Michalski
^^0
Michiharu Kudo
^^0
Deyi Li
^^0
Costin Barbu
^^0
Juan Pedro Caraca-Valente
^^0
Andrew B. Nobel
^^0
Sylvie Philipp-Foliguet
^^0
Gediminas Adomavicius
^^0
Raja Tanveer Iqbal
^^0
Jose Ruiz-Shulcloper
^^0
Mounir Bechchi
^^0
Dmitry Pavlov
^^0
Stefania Ronchi
^^0
Amin Abdulghani
^^0
Antonio S. Cheng
^^0
Jin Jing
^^0
Jie Tang
^^0
Ankush Mittal
^^0
Ellen Riloff
^^0
Xiaopeng Xi
^^0
Yu Xu
^^0
Mohamed Aly
^^0
J. Sunil Rao
^^0
Jeffrey F. Naughton
^^0
Brian M. Alexander
^^0
Henrik Grosskreutz
^^0
Melanie Chams
^^0
Frank Hing-Wah Luk
^^0
Sandeep Pandey
^^0
Mohammad El-Ramly
^^0
Gonzalo Navarro
^^0
Alexander Schnabl
^^0
Xiaoming Fan
^^0
Gerald Fahner
^^0
Christopher Leckie
^^0
Rolf Lakamper
^^0
Chris Buckley
^^0
Guy M. Lohman
^^0
Ching Kian Wong
^^0
Jonathan Tang
^^0
Cen Li
^^0
James Bailey
^^0
Thomas R. Willemain
^^0
Fabio Fassetti
^^0
Deborah Silver
^^0
Hong Zhang
^^0
William S. Yerazunis
^^0
Tadashi Nomoto
^^0
Tadeusz Morzy
^^0
DucDung Nguyen
^^0
Chang-Shing Perng
^^0
Alain Couchot
^^0
Suk-Chung Yoon
^^0
Petros Drineas
^^0
Haofeng Zhou
^^0
Guangyu Zhu
^^0
Dadong Wan
^^0
Meera Jindal
^^0
Christoph Mangold
^^0
Steffen Rendle
^^0
Ricardo da Silva Torres
^^0
Ramesh Natarajan
^^0
Uri Eick
^^0
Rina Panigrahy
^^0
Ming Dong
^^0
Reiner Kraft
^^0
Binyamin Rosenfeld
^^0
Seung Jin Lim
^^0
Jussi Lahtinen
^^0
Martin Mozina
^^0
Cheng Hian Goh
^^0
Akihiro Inokuchi
^^0
Yeali S. Sun
^^0
Adetokunbo Makanju
^^0
Oisin Boydell
^^0
Michael R. Berthold
^^0
Arbee L. P. Chen
^^0
Yi Zhang
^^0
Tak Wah Lam
^^0
Peter D. Karp
^^0
Daymond Ling
^^0
Jie Lu
^^0
Liang Wang
^^0
Varna Puvvada
^^0
Colin Fyfe
^^0
Enrique Puertas Sanz
^^0
Shui-Lung Chuang
^^0
Kunal Punera
^^0
Justin Zobel
^^0
Robert M. Bell
^^0
Shaoyi Yin
^^0
Goutam Paul
^^0
John K. Debenham
^^0
Loulwah AlSumait
^^0
Stephen J. Maybank
^^0
Gyorgy J. Simon
^^0
Senqiang Zhou
^^0
Leandro Nunes de Castro
^^0
Nelson Mendonca Mattos
^^0
Peter Lohman
^^0
Haixun Wang
^^0
Ozgur Turetken
^^0
Jin Huang
^^0
Chris Kelman
^^0
Stefan Wrobel
^^0
Xiangji Huang
^^0
Malika Mahoui
^^0
Ricardo Bezerra de Andrade e Silva
^^0
Adam Smith
^^0
Cyrus Shahabi
^^0
Pavan Vatturi
^^0
Bo Long
^^0
Ying Lai
^^0
Jayant Kalagnanam
^^0
Robert Mao
^^0
Simon M. Kaplan
^^0
Stephan Bloehdorn
^^0
Patrick Valduriez
^^0
Tadashi Ohmori
^^0
Olli Simula
^^0
Jorge Grana Gil
^^0
Lifeng Sun
^^0
Michael Ehrmanntraut
^^0
Marvin V. Zelkowitz
^^0
Cem Evrendilek
^^0
Ron Musick
^^0
Sheng-Tang Wu
^^0
Rodney C. Wolff
^^0
Adam Kowalczyk
^^0
Kurt W. Deschler
^^0
Anmol Bhasin
^^0
Pauli Miettinen
^^0
Seung-Taek Park
^^0
Melanie Hilario
^^0
David R. Musicant
^^0
Erdogan Dogdu
^^0
Man Leung Wong
^^0
King-Ip Lin
^^0
Takeharu Eda
^^0
Dumitru Amarandei
^^0
Moira C. Norrie
^^0
Richard Kuntschke
^^0
Junshui Ma
^^0
Yue Xu
^^0
Adel Shrufi
^^0
Jun He
^^0
Umberto Straccia
^^0
Syed Khairuzzaman Tanbeer
^^0
David W. Cheung
^^0
Zenglin Xu
^^0
Anupam Joshi
^^0
Jan-Ming Ho
^^0
Alexandre V. Evfimievski
^^0
Edward A. Fox
^^0
Torben Bach Pedersen
^^0
Yuzhou Zhang
^^0
Armand Sarkissian
^^0
John Gums
^^0
Kenneth De Jong
^^0
B. Petzsche
^^0
Matthew Siegler
^^0
Bryan Pardo
^^0
Choon Hui Teo
^^0
Hong-Cheu Liu
^^0
SeungJin Lim
^^0
Weiyun Huang
^^0
Monique V. Vieira
^^0
Nadeem Ahmed Syed
^^0
Zografoula Vagena
^^0
Jun Du
^^0
Jason Sankey
^^0
Chen Wang
^^0
Prem Melville
^^0
Wen-Syan Li
^^0
Niina Haiminen
^^0
Takashi Washio
^^0
Marc-David Cohen
^^0
John A. Stankovic
^^0
Umang Sharan
^^0
Alicia Troncoso Lora
^^0
Ying Liu
^^0
Yabo Xu
^^0
Yijie Han
^^0
Luc Lamontagne
^^0
Huiming Qu
^^0
Kivanc M. Ozonat
^^0
Vahid Garakani
^^0
Jurgen Voss
^^0
Siddharth Suri
^^0
Jun Li
^^0
Oren Etzioni
^^0
Vania Bogorny
^^0
Heng Tao Shen
^^0
Lisa Ballesteros
^^0
Changhu Wang
^^0
Bin Wu
^^0
Kiseok Choi
^^0
Eibe Frank
^^0
Noam Palatin
^^0
Christoph F. Eick
^^0
Nicholas Kushmerick
^^0
Leonardo Weiss Ferreira Chaves
^^0
James Mayfield
^^0
Jin Zhang
^^0
Carl Lagoze
^^0
David Liben-Nowell
^^0
Sunny Aggarwal
^^0
Zhihai Wang
^^0
Tzung-Pei Hong
^^0
Mohamed A. Sharaf
^^0
Lifei Chen
^^0
Koustuv Dasgupta
^^0
Markus Schneider
^^0
Effrosini Kokiopoulou
^^0
K. Krishna
^^0
David Pennock
^^0
Yu Gu
^^0
Olivier Y. de Vel
^^0
Ben Kao
^^0
Simone Diniz Junqueira Barbosa
^^0
Sungkil Lee
^^0
Wahyu Wibowo
^^0
Ata Kaban
^^0
Jie Wu
^^0
Ju-Won Song
^^0
Omer Egecioglu
^^0
Christian Lemke
^^0
Yves Simon
^^0
Richard Fikes
^^0
Marianne Winslett
^^0
Tapio Elomaa
^^0
Beena Kamath
^^0
Qiang Zhu
^^0
I. C. Wang
^^0
Yi-Ting Lai
^^0
Giuseppe Pozzi
^^0
Jure Leskovec
^^0
Jiajun Bu
^^0
Steven Schockaert
^^0
Leandro Balby Marinho
^^0
Amynmohamed Rajan
^^0
Yu He
^^0
Chotirat (Ann) Ratanamahatana
^^0
Yong Zhao
^^0
Tolga Bozkaya
^^0
Leif Gronqvist
^^0
George Kollios
^^0
Nick Pinto
^^0
Byeong-Soo Jeong
^^0
Nicu D. Cornea
^^0
Xian Zhang
^^0
Lukasz Golab
^^0
Philip S. Barry
^^0
Raymond Lieu
^^0
Jose Maria Gomez Hidalgo
^^0
Li Zhang
^^0
David C. Brown
^^0
Yunyao Qu
^^0
Jon M. Kleinberg
^^0
Daphne Koller
^^0
Jack Chongjie Xue
^^0
Euna Jeong
^^0
Claudia Rolker
^^0
Ming-wei Chang
^^0
Keh-Feng Lin
^^0
Siva Gurumurthy
^^0
Bernd Fischer
^^0
Stefano Cazzella
^^0
Gregory Buehrer
^^0
Franco Turini
^^0
Michihiro Kuramochi
^^0
Hsin-Yun Huang
^^0
Andreas Hapfelmeier
^^0
Ian H. Jarman
^^0
Jan Chomicki
^^0
David Urpani
^^0
Karl Strohmaier
^^0
Giancarlo Raiconi
^^0
Panos K. Chrysanthis
^^0
Robert Tibshirani
^^0
Manolis Maragoudakis
^^0
Jun-Tae Kim
^^0
Lee A. Becker
^^0
Jeff G. Schneider
^^0
Thomas Lindblad
^^0
Hui Su
^^0
Ken Cosh
^^0
Xueqi Cheng
^^0
Jing Li
^^0
Qiankun Zhao
^^0
Somayajulu Sripada
^^0
Choon-Bo Shim
^^0
Gautam Biswas
^^0
Diem Thi Hoang Le
^^0
Douglas Stott Parker Jr
^^0
Jinyan Li
^^0
J. Salvador Sanchez
^^0
Rong Ge
^^0
Chiru Bhattacharyya
^^0
David Selinger
^^0
David Madigan
^^0
Rong Pan
^^0
Daniel J. Liebling
^^0
Georgios Paltoglou
^^0
Beatrice Finance
^^0
Jianhui Chen
^^0
Eser Kandogan
^^0
Jason Flannick
^^0
Ruben H. Zamar
^^0
Ricardo J. G. B. Campello
^^0
Robert Perneczky
^^0
Erik Pasche
^^0
Wei Peng
^^0
Philippe Lamarre
^^0
Adriano S. Arantes
^^0
Ashley W. Plank
^^0
Bin Cao
^^0
Can Wang
^^0
Alexander Borgida
^^0
Paul Xia
^^0
Alistair Veitch
^^0
Renato O. Stehling
^^0
Cheng-Yue Chang
^^0
Lotfi Lakhal
^^0
Joong Hyuk Chang
^^0
Duo Zhang
^^0
Rohit Gupta
^^0
David Andersen
^^0
Enhong Chen
^^0
Yu Meng
^^0
Rod Hook
^^0
Anurag Acharya
^^0
Gunther Heidemann
^^0
Sherri K. Harms
^^0
Jun Xu
^^0
Fritz Lehmann
^^0
Ze Tian
^^0
Jie Cheng
^^0
Gaurav Tandon
